0,7659.254652
1,7663.881460
2,7670.283819
3,7689.606794
4,7711.111166
5,7733.578085
6,7805.242064
7,7884.311216
8,7970.501890
9,7970.205595
10,7963.803236
11,7942.298864
12,7870.634886
13,7848.167967
14,7828.844992
15,7824.218184
16,7957.683661
17,8234.724997
18,8793.055357
19,8793.055357
20,8706.864683
21,8627.795530
22,8628.091825
23,8634.494184
24,8501.028708
25,7942.698347
26,7665.657011
27,7670.283819
28,7689.606794
29,7711.111166
30,7733.578085
31,7805.242064
32,7891.432737
33,7891.432737
34,7891.136442
35,7884.734083
36,7963.803236
37,7944.480261
38,7922.013342
39,7835.822668
40,7764.158689
41,7742.654318
42,7738.027510
43,7738.323805
44,7871.789282
45,8148.830618
46,8707.160978
47,8707.160978
48,8628.091825
49,8634.494184
50,8653.817160
51,8658.443968
52,8524.978491
53,7966.648130
54,7689.606794
55,7689.310499
56,7710.814871
57,7733.281790
58,7804.945768
59,7884.014921
60,7970.205595
61,7970.205595
62,7950.882620
63,7944.480261
64,7939.853453
65,7918.349081
66,7846.685102
67,7760.494429
68,7681.425276
69,7658.958357
70,7659.254652
71,7678.577627
72,7812.043104
73,8089.084440
74,8647.414801
75,8647.414801
76,8652.041609
77,8658.443968
78,8679.948339
79,8679.652044
80,8546.186567
81,7987.856207
82,7710.814871
83,7691.491896
84,7686.865088
85,7709.332006
86,7780.995985
87,7860.065138
88,7946.255812
89,7946.255812
90,7924.751440
91,7918.349081
92,7918.645376
93,7923.272184
94,7851.608206
95,7765.417532
96,7686.348379
97,7663.881460
98,7683.204435
99,7704.708807
100,7838.174284
101,8115.215620
102,8673.545980
103,8673.545980
104,8673.249685
105,8668.622877
106,8675.025236
107,8655.702261
108,8522.236784
109,7963.906424
110,7686.865088
111,7665.360716
112,7665.657011
113,7688.123930
114,7759.787909
115,7838.857061
116,7925.047735
117,7925.047735
118,7918.645376
119,7923.272184
120,7942.595160
121,7942.298864
122,7870.634886
123,7784.444212
124,7705.375059
125,7682.908140
126,7689.310499
127,7710.814871
128,7844.280348
129,8121.321684
130,8679.652044
131,8679.652044
132,8660.329069
133,8655.702261
134,8655.998556
135,8649.596197
136,8516.130720
137,7957.800360
138,7680.759024
139,7659.254652
140,7678.577627
141,7701.044546
142,7772.708525
143,7851.777678
144,7937.968351
145,7937.968351
146,7937.672056
147,7942.298864
148,7948.701223
149,7929.378248
150,7857.714270
151,7771.523596
152,7692.454443
153,7669.987524
154,7670.283819
155,7691.788191
156,7825.253668
157,8102.295004
158,8660.625364
159,8660.625364
160,8654.223005
161,8649.596197
162,8668.919172
163,8668.622877
164,8535.157400
165,7976.827040
166,7699.785704
167,7678.281332
168,7684.683691
169,7707.150610
170,7778.814589
171,7857.883741
172,7944.074415
173,7944.074415
174,7924.751440
175,7925.047735
176,7929.674543
177,7913.195013
178,7841.531034
179,7755.340361
180,7676.271208
181,7653.804289
182,7673.127264
183,7802.536833
184,7936.002310
185,8213.043646
186,9243.378401
187,9243.378401
188,9238.751593
189,9134.236326
190,9133.940031
191,9114.617056
192,8981.151579
193,7950.816824
194,7673.775488
195,7544.365919
196,7548.992727
197,7571.459646
198,7643.123625
199,7722.192778
200,7808.383451
201,7808.383451
202,7808.679747
203,7828.002722
204,7880.059217
205,7875.432409
206,7803.768431
207,7717.577757
208,7638.508604
209,7616.041685
210,7615.745390
211,7637.249762
212,7770.715239
213,8047.756575
214,8606.086935
215,8606.086935
216,8554.030439
217,8534.707464
218,8539.334272
219,8539.630568
220,8406.165091
221,7847.834730
222,7570.793394
223,7549.289022
224,7571.755941
225,7623.812437
226,7695.476416
227,7774.545568
228,7860.736242
229,7860.736242
230,7856.109434
231,7855.813139
232,7875.136114
233,7852.669195
234,7781.005217
235,7694.814543
236,7615.745390
237,7563.688894
238,7568.315702
239,7589.820074
240,7723.285551
241,8000.326887
242,8558.657248
243,8558.657248
244,8539.334272
245,8539.630568
246,8562.097486
247,8557.470678
248,8424.005201
249,7865.674841
250,7588.633505
251,7567.129133
252,7586.452108
253,7638.508604
254,7710.172583
255,7789.241735
256,7875.432409
257,7875.432409
258,7852.965490
259,7852.669195
260,7857.296003
261,7837.973028
262,7766.309050
263,7680.118376
264,7601.049223
265,7548.992727
266,7570.497099
267,7592.964018
268,7726.429495
269,8003.470831
270,8561.801191
271,8561.801191
272,8557.174383
273,8557.470678
274,8576.793653
275,8555.289282
276,8421.823805
277,7863.493444
278,7586.452108
279,7563.985189
280,7568.611998
281,7620.668493
282,7692.332472
283,7771.401625
284,7857.592299
285,7857.592299
286,7838.269323
287,7837.973028
288,7859.477400
289,7854.850592
290,7783.186613
291,7696.995939
292,7617.926786
293,7565.870291
294,7585.193266
295,7607.660185
296,7741.125662
297,8018.166998
298,8576.497358
299,8576.497358
300,8554.992987
301,8555.289282
302,8559.916090
303,8540.593115
304,8407.127638
305,7848.797277
306,7571.755941
307,7549.289022
308,7570.793394
309,7622.849890
310,7694.513868
311,7773.583021
312,7859.773695
313,7859.773695
314,7855.146887
315,7854.850592
316,7874.173567
317,7852.669195
318,7781.005217
319,7694.814543
320,7615.745390
321,7563.688894
322,7568.315702
323,7590.782621
324,7724.248098
325,8001.289434
326,8559.619795
327,8559.619795
328,8540.296820
329,8540.593115
330,8562.097486
331,8557.470678
332,8424.005201
333,7865.674841
334,7588.633505
335,7566.166586
336,7585.489561
337,7637.546057
338,7709.210035
339,7788.279188
340,7874.469862
341,7874.469862
342,7852.965490
343,7852.669195
344,7857.296003
345,7837.973028
346,7766.309050
347,7680.118376
348,7601.049223
349,7548.992727
350,7570.497099
351,7592.964018
352,7726.429495
353,8003.470831
354,8561.801191
355,8561.801191
356,8557.174383
357,8557.470678
358,8576.793653
359,8555.289282
360,8421.823805
361,7863.493444
362,7586.452108
363,7563.985189
364,7568.611998
365,7620.668493
366,7692.332472
367,7771.401625
368,7857.592299
369,7857.592299
370,7838.269323
371,7837.973028
372,7859.477400
373,7854.850592
374,7783.186613
375,7696.995939
376,7617.926786
377,7565.870291
378,7585.193266
379,7607.660185
380,7741.125662
381,8018.166998
382,8576.497358
383,8576.497358
384,8554.992987
385,8555.289282
386,8559.916090
387,8540.593115
388,8407.127638
389,7848.797277
390,7571.755941
391,7549.289022
392,7570.793394
393,7622.849890
394,7694.513868
395,7773.583021
396,7859.773695
397,7859.773695
398,7855.146887
399,7854.850592
400,7874.173567
401,7852.669195
402,7781.005217
403,7694.814543
404,7615.745390
405,7563.688894
406,7568.315702
407,7590.782621
408,7724.248098
409,8001.289434
410,8559.619795
411,8559.619795
412,8540.296820
413,8540.593115
414,8562.097486
415,8557.470678
416,8424.005201
417,7865.674841
418,7588.633505
419,7566.166586
420,7585.489561
421,7637.546057
422,7709.210035
423,7788.279188
424,7874.469862
425,7874.469862
426,7852.965490
427,7852.669195
428,7857.296003
429,7837.973028
430,7766.309050
431,7680.118376
432,7601.049223
433,7548.992727
434,7570.497099
435,7592.964018
436,7726.429495
437,8003.470831
438,8561.801191
439,8561.801191
440,8557.174383
441,8557.470678
442,8576.793653
443,8555.289282
444,8421.823805
445,7863.493444
446,7586.452108
447,7563.985189
448,7568.611998
449,7620.668493
450,7692.332472
451,7771.401625
452,7857.592299
453,7857.592299
454,7838.269323
455,7837.973028
456,7859.477400
457,7854.850592
458,7783.186613
459,7696.995939
460,7617.926786
461,7565.870291
462,7585.193266
463,7607.660185
464,7741.125662
465,8018.166998
466,8576.497358
467,8576.497358
468,8554.992987
469,8555.289282
470,8559.916090
471,8540.593115
472,8407.127638
473,7848.797277
474,7571.755941
475,7549.289022
476,7570.793394
477,7622.849890
478,7694.513868
479,7773.583021
480,7859.773695
481,7859.773695
482,7855.146887
483,7854.850592
484,7874.173567
485,7852.669195
486,7781.005217
487,7694.814543
488,7615.745390
489,7563.688894
490,7568.315702
491,7590.782621
492,7724.248098
493,8001.289434
494,8559.619795
495,8559.619795
496,8540.296820
497,8540.593115
498,8562.097486
499,8557.470678
500,8424.005201
501,7865.674841
502,7588.633505
503,7566.166586
504,7585.489561
505,7637.546057
506,7709.210035
507,7788.279188
508,7874.469862
509,7874.469862
510,7852.965490
511,7852.669195
512,7857.296003
513,7837.973028
514,7766.309050
515,7680.118376
516,7601.049223
517,7548.992727
518,7570.497099
519,7592.964018
520,7726.429495
521,8003.470831
522,8561.801191
523,8561.801191
524,8557.174383
525,8557.470678
526,8576.793653
527,8555.289282
528,8421.823805
529,7863.493444
530,7586.452108
531,7563.985189
532,7568.611998
533,7620.668493
534,7692.332472
535,7771.401625
536,7857.592299
537,7857.592299
538,7838.269323
539,7837.973028
540,7859.477400
541,7854.850592
542,7783.186613
543,7696.995939
544,7617.926786
545,7565.870291
546,7585.193266
547,7607.660185
548,7741.125662
549,8018.166998
550,8576.497358
551,8576.497358
552,8554.992987
553,8555.289282
554,8559.916090
555,8540.593115
556,8407.127638
557,7848.797277
558,7571.755941
559,7549.289022
560,7570.793394
561,7622.849890
562,7694.513868
563,7773.583021
564,7859.773695
565,7859.773695
566,7855.146887
567,7854.850592
568,7874.173567
569,7852.669195
570,7781.005217
571,7694.814543
572,7615.745390
573,7563.688894
574,7568.315702
575,7590.782621
576,7724.248098
577,8001.289434
578,8559.619795
579,8559.619795
580,8540.296820
581,8540.593115
582,8562.097486
583,8557.470678
584,8424.005201
585,7865.674841
586,7588.633505
587,7566.166586
588,7585.489561
589,7637.546057
590,7709.210035
591,7788.279188
592,7874.469862
593,7874.469862
594,7852.965490
595,7852.669195
596,7857.296003
597,7837.973028
598,7766.309050
599,7680.118376
600,7601.049223
601,7548.992727
602,7570.497099
603,7592.964018
604,7726.429495
605,8003.470831
606,8561.801191
607,8561.801191
608,8557.174383
609,8557.470678
610,8576.793653
611,8555.289282
612,8421.823805
613,7863.493444
614,7586.452108
615,7563.985189
616,7568.611998
617,7620.668493
618,7692.332472
619,7771.401625
620,7857.592299
621,7857.592299
622,7838.269323
623,7837.973028
624,7859.477400
625,7854.850592
626,7783.186613
627,7696.995939
628,7617.926786
629,7565.870291
630,7585.193266
631,7607.660185
632,7741.125662
633,8018.166998
634,8576.497358
635,8576.497358
636,8554.992987
637,8555.289282
638,8559.916090
639,8540.593115
640,8407.127638
641,7848.797277
642,7571.755941
643,7549.289022
644,7570.793394
645,7622.849890
646,7694.513868
647,7773.583021
648,7859.773695
649,7859.773695
650,7855.146887
651,7854.850592
652,7874.173567
653,7852.669195
654,7781.005217
655,7694.814543
656,7615.745390
657,7563.688894
658,7568.315702
659,7590.782621
660,7724.248098
661,8001.289434
662,8559.619795
663,8559.619795
664,8540.296820
665,8540.593115
666,8562.097486
667,8557.470678
668,8424.005201
669,7865.674841
670,7588.633505
671,7566.166586
672,7585.489561
673,7637.546057
674,7709.210035
675,7788.279188
676,7874.469862
677,7874.469862
678,7852.965490
679,7852.669195
680,7857.296003
681,7837.973028
682,7766.309050
683,7680.118376
684,7601.049223
685,7548.992727
686,7570.497099
687,7592.964018
688,7726.429495
689,8003.470831
690,8561.801191
691,8561.801191
692,8557.174383
693,8557.470678
694,8576.793653
695,8555.289282
696,8421.823805
697,7863.493444
698,7586.452108
699,7563.985189
700,7568.611998
701,7620.668493
702,7692.332472
703,7771.401625
704,7857.592299
705,7857.592299
706,7838.269323
707,7837.973028
708,7859.477400
709,7854.850592
710,7783.186613
711,7696.995939
712,7617.926786
713,7565.870291
714,7585.193266
715,7607.660185
716,7741.125662
717,8018.166998
718,8576.497358
719,8576.497358
720,8554.992987
721,8555.289282
722,8559.916090
723,8540.593115
724,8407.127638
725,7848.797277
726,7571.755941
727,7549.289022
728,7570.793394
729,7622.849890
730,7694.513868
731,7773.583021
732,7859.773695
733,7859.773695
734,7855.146887
735,7854.850592
736,7874.173567
737,7852.669195
738,7781.005217
739,7694.814543
740,7615.745390
741,7563.688894
742,7568.315702
743,7590.782621
744,7724.248098
745,8001.289434
746,8559.619795
747,8559.619795
748,8540.296820
749,8540.593115
750,8562.097486
751,8557.470678
752,8424.005201
753,7865.674841
754,7588.633505
755,7566.166586
756,7585.489561
757,7637.546057
758,7709.210035
759,7788.279188
760,7874.469862
761,7874.469862
762,7852.965490
763,7852.669195
764,7857.296003
765,7837.973028
766,7766.309050
767,7680.118376
768,7601.049223
769,7548.992727
770,7570.497099
771,7592.964018
772,7726.429495
773,8003.470831
774,8561.801191
775,8561.801191
776,8557.174383
777,8557.470678
778,8576.793653
779,8555.289282
780,8421.823805
781,7863.493444
782,7586.452108
783,7563.985189
784,7568.611998
785,7620.668493
786,7692.332472
787,7771.401625
788,7857.592299
789,7857.592299
790,7838.269323
791,7837.973028
792,7859.477400
793,7854.850592
794,7783.186613
795,7696.995939
796,7617.926786
797,7565.870291
798,7585.193266
799,7607.660185
800,7741.125662
801,8018.166998
802,8576.497358
803,8576.497358
804,8554.992987
805,8555.289282
806,8559.916090
807,8540.593115
808,8407.127638
809,7848.797277
810,7571.755941
811,7549.289022
812,7570.793394
813,7622.849890
814,7694.513868
815,7773.583021
816,7859.773695
817,7859.773695
818,7855.146887
819,7854.850592
820,7874.173567
821,7852.669195
822,7781.005217
823,7694.814543
824,7615.745390
825,7563.688894
826,7568.315702
827,7590.782621
828,7724.248098
829,8001.289434
830,8559.619795
831,8559.619795
832,8540.296820
833,8540.593115
834,8562.097486
835,8557.470678
836,8424.005201
837,7865.674841
838,7588.633505
839,7566.166586
840,7585.489561
841,7637.546057
842,7709.210035
843,7788.279188
844,7874.469862
845,7874.469862
846,7852.965490
847,7852.669195
848,7857.296003
849,7837.973028
850,7766.309050
851,7680.118376
852,7601.049223
853,7548.992727
854,7570.497099
855,7592.964018
856,7726.429495
857,8003.470831
858,8561.801191
859,8561.801191
860,8557.174383
861,8557.470678
862,8576.793653
863,8555.289282
864,8421.823805
865,7863.493444
866,7586.452108
867,7563.985189
868,7568.611998
869,7620.668493
870,7692.332472
871,7771.401625
872,7857.592299
873,7857.592299
874,7838.269323
875,7837.973028
876,7859.477400
877,7854.850592
878,7783.186613
879,7696.995939
880,7617.926786
881,7565.870291
882,7585.193266
883,7607.660185
884,7741.125662
885,8018.166998
886,8576.497358
887,8576.497358
888,8554.992987
889,8555.289282
890,8559.916090
891,8540.593115
892,8407.127638
893,7848.797277
894,7571.755941
895,7549.289022
896,7570.793394
897,7622.849890
898,7694.513868
899,7773.583021
900,7859.773695
901,7859.773695
902,7855.146887
903,7854.850592
904,7874.173567
905,7852.669195
906,7781.005217
907,7694.814543
908,7615.745390
909,7563.688894
910,7568.315702
911,7590.782621
912,7724.248098
913,8001.289434
914,8559.619795
915,8559.619795
916,8540.296820
917,8540.593115
918,8562.097486
919,8557.470678
920,8424.005201
921,7865.674841
922,7588.633505
923,7566.166586
924,7585.489561
925,7637.546057
926,7709.210035
927,7788.279188
928,7874.469862
929,7874.469862
930,7852.965490
931,7852.669195
932,7857.296003
933,7837.973028
934,7766.309050
935,7680.118376
936,7601.049223
937,7548.992727
938,7570.497099
939,7592.964018
940,7726.429495
941,8003.470831
942,8561.801191
943,8561.801191
944,8557.174383
945,8557.470678
946,8576.793653
947,8555.289282
948,8421.823805
949,7863.493444
950,7586.452108
951,7563.985189
952,7568.611998
953,7620.668493
954,7692.332472
955,7771.401625
956,7857.592299
957,7857.592299
958,7838.269323
959,7837.973028
960,7859.477400
961,7854.850592
962,7783.186613
963,7696.995939
964,7617.926786
965,7565.870291
966,7585.193266
967,7607.660185
968,7741.125662
969,8018.166998
970,8576.497358
971,8576.497358
972,8554.992987
973,8555.289282
974,8559.916090
975,8540.593115
976,8407.127638
977,7848.797277
978,7571.755941
979,7549.289022
980,7570.793394
981,7622.849890
982,7694.513868
983,7773.583021
984,7859.773695
985,7859.773695
986,7855.146887
987,7854.850592
988,7874.173567
989,7852.669195
990,7781.005217
991,7694.814543
992,7615.745390
993,7563.688894
994,7568.315702
995,7590.782621
996,7724.248098
997,8001.289434
998,8559.619795
999,8559.619795
1000,8540.296820
1001,8540.593115
1002,8562.097486
1003,8557.470678
1004,8424.005201
1005,7865.674841
1006,7588.633505
1007,7566.166586
1008,7585.489561
1009,7637.546057
1010,7709.210035
1011,7788.279188
1012,7874.469862
1013,7874.469862
1014,7852.965490
1015,7852.669195
1016,7857.296003
1017,7837.973028
1018,7766.309050
1019,7680.118376
1020,7601.049223
1021,7548.992727
1022,7570.497099
1023,7592.964018
1024,7726.429495
1025,8003.470831
1026,8561.801191
1027,8561.801191
1028,8557.174383
1029,8557.470678
1030,8576.793653
1031,8555.289282
1032,8421.823805
1033,7863.493444
1034,7586.452108
1035,7563.985189
1036,7568.611998
1037,7620.668493
1038,7692.332472
1039,7771.401625
1040,7857.592299
1041,7857.592299
1042,7838.269323
1043,7837.973028
1044,7859.477400
1045,7854.850592
1046,7783.186613
1047,7696.995939
1048,7617.926786
1049,7565.870291
1050,7585.193266
1051,7607.660185
1052,7741.125662
1053,8018.166998
1054,8576.497358
1055,8576.497358
1056,8554.992987
1057,8555.289282
1058,8559.916090
1059,8540.593115
1060,8407.127638
1061,7848.797277
1062,7571.755941
1063,7549.289022
1064,7570.793394
1065,7622.849890
1066,7694.513868
1067,7773.583021
1068,7859.773695
1069,7859.773695
1070,7855.146887
1071,7854.850592
1072,7874.173567
1073,7852.669195
1074,7781.005217
1075,7694.814543
1076,7615.745390
1077,7563.688894
1078,7568.315702
1079,7590.782621
1080,7724.248098
1081,8001.289434
1082,8559.619795
1083,8559.619795
1084,8540.296820
1085,8540.593115
1086,8562.097486
1087,8557.470678
1088,8424.005201
1089,7865.674841
1090,7588.633505
1091,7566.166586
1092,7585.489561
1093,7637.546057
1094,7709.210035
1095,7788.279188
1096,7874.469862
1097,7874.469862
1098,7852.965490
1099,7852.669195
1100,7857.296003
1101,7837.973028
1102,7766.309050
1103,7680.118376
1104,7601.049223
1105,7548.992727
1106,7570.497099
1107,7592.964018
1108,7726.429495
1109,8003.470831
1110,8561.801191
1111,8561.801191
1112,8557.174383
1113,8557.470678
1114,8576.793653
1115,8555.289282
1116,8421.823805
1117,7863.493444
1118,7586.452108
1119,7563.985189
1120,7568.611998
1121,7620.668493
1122,7692.332472
1123,7771.401625
1124,7857.592299
1125,7857.592299
1126,7838.269323
1127,7837.973028
1128,7859.477400
1129,7854.850592
1130,7783.186613
1131,7696.995939
1132,7617.926786
1133,7565.870291
1134,7585.193266
1135,7607.660185
1136,7741.125662
1137,8018.166998
1138,8576.497358
1139,8576.497358
1140,8554.992987
1141,8555.289282
1142,8559.916090
1143,8540.593115
1144,8407.127638
1145,7848.797277
1146,7571.755941
1147,7549.289022
1148,7570.793394
1149,7622.849890
1150,7694.513868
1151,7773.583021
1152,7859.773695
1153,7859.773695
1154,7855.146887
1155,7854.850592
1156,7874.173567
1157,7852.669195
1158,7781.005217
1159,7694.814543
1160,7615.745390
1161,7563.688894
1162,7568.315702
1163,7590.782621
1164,7724.248098
1165,8001.289434
1166,8559.619795
1167,8559.619795
1168,8540.296820
1169,8540.593115
1170,8562.097486
1171,8557.470678
1172,8424.005201
1173,7865.674841
1174,7588.633505
1175,7566.166586
1176,7585.489561
1177,7637.546057
1178,7709.210035
1179,7788.279188
1180,7874.469862
1181,7874.469862
1182,7852.965490
1183,7852.669195
1184,7857.296003
1185,7837.973028
1186,7766.309050
1187,7680.118376
1188,7601.049223
1189,7548.992727
1190,7570.497099
1191,7592.964018
1192,7726.429495
1193,8003.470831
1194,8561.801191
1195,8561.801191
1196,8557.174383
1197,8557.470678
1198,8576.793653
1199,8555.289282
1200,8421.823805
1201,7863.493444
1202,7586.452108
1203,7563.985189
1204,7568.611998
1205,7620.668493
1206,7692.332472
1207,7771.401625
1208,7857.592299
1209,7857.592299
1210,7838.269323
1211,7837.973028
1212,7859.477400
1213,7854.850592
1214,7783.186613
1215,7696.995939
1216,7617.926786
1217,7565.870291
1218,7585.193266
1219,7607.660185
1220,7741.125662
1221,8018.166998
1222,8576.497358
1223,8576.497358
1224,8554.992987
1225,8555.289282
1226,8559.916090
1227,8540.593115
1228,8407.127638
1229,7848.797277
1230,7571.755941
1231,7549.289022
1232,7570.793394
1233,7622.849890
1234,7694.513868
1235,7773.583021
1236,7859.773695
1237,7859.773695
1238,7855.146887
1239,7854.850592
1240,7874.173567
1241,7852.669195
1242,7781.005217
1243,7694.814543
1244,7615.745390
1245,7563.688894
1246,7568.315702
1247,7590.782621
1248,7724.248098
1249,8001.289434
1250,8559.619795
1251,8559.619795
1252,8540.296820
1253,8540.593115
1254,8562.097486
1255,8557.470678
1256,8424.005201
1257,7865.674841
1258,7588.633505
1259,7566.166586
1260,7585.489561
1261,7637.546057
1262,7709.210035
1263,7788.279188
1264,7874.469862
1265,7874.469862
1266,7852.965490
1267,7852.669195
1268,7857.296003
1269,7837.973028
1270,7766.309050
1271,7680.118376
1272,7601.049223
1273,7548.992727
1274,7570.497099
1275,7592.964018
1276,7726.429495
1277,8003.470831
1278,8561.801191
1279,8561.801191
1280,8557.174383
1281,8557.470678
1282,8576.793653
1283,8555.289282
1284,8421.823805
1285,7863.493444
1286,7586.452108
1287,7563.985189
1288,7568.611998
1289,7620.668493
1290,7692.332472
1291,7771.401625
1292,7857.592299
1293,7857.592299
1294,7838.269323
1295,7837.973028
1296,7859.477400
1297,7854.850592
1298,7783.186613
1299,7696.995939
1300,7617.926786
1301,7565.870291
1302,7585.193266
1303,7607.660185
1304,7741.125662
1305,8018.166998
1306,8576.497358
1307,8576.497358
1308,8554.992987
1309,8555.289282
1310,8559.916090
1311,8540.593115
1312,8407.127638
1313,7848.797277
1314,7571.755941
1315,7549.289022
1316,7570.793394
1317,7622.849890
1318,7694.513868
1319,7773.583021
1320,7859.773695
1321,7859.773695
1322,7855.146887
1323,7854.850592
1324,7874.173567
1325,7852.669195
1326,7781.005217
1327,7694.814543
1328,7615.745390
1329,7563.688894
1330,7568.315702
1331,7590.782621
1332,7724.248098
1333,8001.289434
1334,8559.619795
1335,8559.619795
1336,8540.296820
1337,8540.593115
1338,8562.097486
1339,8557.470678
1340,8424.005201
1341,7865.674841
1342,7588.633505
1343,7566.166586
1344,7585.489561
1345,7637.546057
1346,7709.210035
1347,7788.279188
1348,7874.469862
1349,7874.469862
1350,7852.965490
1351,7852.669195
1352,7857.296003
1353,7837.973028
1354,7766.309050
1355,7680.118376
1356,7601.049223
1357,7548.992727
1358,7570.497099
1359,7592.964018
1360,7726.429495
1361,8003.470831
1362,8561.801191
1363,8561.801191
1364,8557.174383
1365,8557.470678
1366,8576.793653
1367,8555.289282
1368,8421.823805
1369,7863.493444
1370,7586.452108
1371,7563.985189
1372,7568.611998
1373,7620.668493
1374,7692.332472
1375,7771.401625
1376,7857.592299
1377,7857.592299
1378,7838.269323
1379,7837.973028
1380,7859.477400
1381,7854.850592
1382,7783.186613
1383,7696.995939
1384,7617.926786
1385,7565.870291
1386,7585.193266
1387,7607.660185
1388,7741.125662
1389,8018.166998
1390,8576.497358
1391,8576.497358
1392,8554.992987
1393,8555.289282
1394,8559.916090
1395,8540.593115
1396,8407.127638
1397,7848.797277
1398,7571.755941
1399,7549.289022
1400,7570.793394
1401,7622.849890
1402,7694.513868
1403,7773.583021
1404,7859.773695
1405,7859.773695
1406,7855.146887
1407,7854.850592
1408,7874.173567
1409,7852.669195
1410,7781.005217
1411,7694.814543
1412,7615.745390
1413,7563.688894
1414,7568.315702
1415,7590.782621
1416,7724.248098
1417,8001.289434
1418,8559.619795
1419,8559.619795
1420,8540.296820
1421,8540.593115
1422,8562.097486
1423,8557.470678
1424,8424.005201
1425,7865.674841
1426,7588.633505
1427,7566.166586
1428,7585.489561
1429,7637.546057
1430,7709.210035
1431,7788.279188
1432,7874.469862
1433,7874.469862
1434,7852.965490
1435,7852.669195
1436,7857.296003
1437,7837.973028
1438,7766.309050
1439,7680.118376
1440,7601.049223
1441,7548.992727
1442,7570.497099
1443,7592.964018
1444,7726.429495
1445,8003.470831
1446,8561.801191
1447,8561.801191
1448,8557.174383
1449,8557.470678
1450,8576.793653
1451,8555.289282
1452,8421.823805
1453,7863.493444
1454,7586.452108
1455,7563.985189
1456,7568.611998
1457,7620.668493
1458,7692.332472
1459,7771.401625
1460,7857.592299
1461,7857.592299
1462,7838.269323
1463,7837.973028
1464,7859.477400
1465,7854.850592
1466,7783.186613
1467,7696.995939
1468,7617.926786
1469,7565.870291
1470,7585.193266
1471,7607.660185
1472,7741.125662
1473,8018.166998
1474,8576.497358
1475,8576.497358
1476,8554.992987
1477,8555.289282
1478,8559.916090
1479,8540.593115
1480,8407.127638
1481,7848.797277
1482,7571.755941
1483,7549.289022
1484,7570.793394
1485,7622.849890
1486,7694.513868
1487,7773.583021
1488,7859.773695
1489,7859.773695
1490,7855.146887
1491,7854.850592
1492,7874.173567
1493,7852.669195
1494,7781.005217
1495,7694.814543
1496,7615.745390
1497,7563.688894
1498,7568.315702
1499,7590.782621
1500,7724.248098
1501,8001.289434
1502,8559.619795
1503,8559.619795
1504,8540.296820
1505,8540.593115
1506,8562.097486
1507,8557.470678
1508,8424.005201
1509,7865.674841
1510,7588.633505
1511,7566.166586
1512,7585.489561
1513,7637.546057
1514,7709.210035
1515,7788.279188
1516,7874.469862
1517,7874.469862
1518,7852.965490
1519,7852.669195
1520,7857.296003
1521,7837.973028
1522,7766.309050
1523,7680.118376
1524,7601.049223
1525,7548.992727
1526,7570.497099
1527,7592.964018
1528,7726.429495
1529,8003.470831
1530,8561.801191
1531,8561.801191
1532,8557.174383
1533,8557.470678
1534,8576.793653
1535,8555.289282
1536,8421.823805
1537,7863.493444
1538,7586.452108
1539,7563.985189
1540,7568.611998
1541,7620.668493
1542,7692.332472
1543,7771.401625
1544,7857.592299
1545,7857.592299
1546,7838.269323
1547,7837.973028
1548,7859.477400
1549,7854.850592
1550,7783.186613
1551,7696.995939
1552,7617.926786
1553,7565.870291
1554,7585.193266
1555,7607.660185
1556,7741.125662
1557,8018.166998
1558,8576.497358
1559,8576.497358
1560,8554.992987
1561,8555.289282
1562,8559.916090
1563,8540.593115
1564,8407.127638
1565,7848.797277
1566,7571.755941
1567,7549.289022
1568,7570.793394
1569,7622.849890
1570,7694.513868
1571,7773.583021
1572,7859.773695
1573,7859.773695
1574,7855.146887
1575,7854.850592
1576,7874.173567
1577,7852.669195
1578,7781.005217
1579,7694.814543
1580,7615.745390
1581,7563.688894
1582,7568.315702
1583,7590.782621
1584,7724.248098
1585,8001.289434
1586,8559.619795
1587,8559.619795
1588,8540.296820
1589,8540.593115
1590,8562.097486
1591,8557.470678
1592,8424.005201
1593,7865.674841
1594,7588.633505
1595,7566.166586
1596,7585.489561
1597,7637.546057
1598,7709.210035
1599,7788.279188
1600,7874.469862
1601,7874.469862
1602,7852.965490
1603,7852.669195
1604,7857.296003
1605,7837.973028
1606,7766.309050
1607,7680.118376
1608,7601.049223
1609,7548.992727
1610,7570.497099
1611,7592.964018
1612,7726.429495
1613,8003.470831
1614,8561.801191
1615,8561.801191
1616,8557.174383
1617,8557.470678
1618,8576.793653
1619,8555.289282
1620,8421.823805
1621,7863.493444
1622,7586.452108
1623,7563.985189
1624,7568.611998
1625,7620.668493
1626,7692.332472
1627,7771.401625
1628,7857.592299
1629,7857.592299
1630,7838.269323
1631,7837.973028
1632,7859.477400
1633,7854.850592
1634,7783.186613
1635,7696.995939
1636,7617.926786
1637,7565.870291
1638,7585.193266
1639,7607.660185
1640,7741.125662
1641,8018.166998
1642,8576.497358
1643,8576.497358
1644,8554.992987
1645,8555.289282
1646,8559.916090
1647,8540.593115
1648,8407.127638
1649,7848.797277
1650,7571.755941
1651,7549.289022
1652,7570.793394
1653,7622.849890
1654,7694.513868
1655,7773.583021
1656,7859.773695
1657,7859.773695
1658,7855.146887
1659,7854.850592
1660,7874.173567
1661,7852.669195
1662,7781.005217
1663,7694.814543
1664,7615.745390
1665,7563.688894
1666,7568.315702
1667,7590.782621
1668,7724.248098
1669,8001.289434
1670,8559.619795
1671,8559.619795
1672,8540.296820
1673,8540.593115
1674,8562.097486
1675,8557.470678
1676,8424.005201
1677,7865.674841
1678,7588.633505
1679,7566.166586
1680,7585.489561
1681,7637.546057
1682,7709.210035
1683,7788.279188
1684,7874.469862
1685,7874.469862
1686,7852.965490
1687,7852.669195
1688,7857.296003
1689,7837.973028
1690,7766.309050
1691,7680.118376
1692,7601.049223
1693,7548.992727
1694,7570.497099
1695,7592.964018
1696,7726.429495
1697,8003.470831
1698,8561.801191
1699,8561.801191
1700,8557.174383
1701,8557.470678
1702,8576.793653
1703,8555.289282
1704,8421.823805
1705,7863.493444
1706,7586.452108
1707,7563.985189
1708,7568.611998
1709,7620.668493
1710,7692.332472
1711,7771.401625
1712,7857.592299
1713,7857.592299
1714,7838.269323
1715,7837.973028
1716,7859.477400
1717,7854.850592
1718,7783.186613
1719,7696.995939
1720,7617.926786
1721,7565.870291
1722,7585.193266
1723,7607.660185
1724,7741.125662
1725,8018.166998
1726,8576.497358
1727,8576.497358
1728,8554.992987
1729,8555.289282
1730,8559.916090
1731,8540.593115
1732,8407.127638
1733,7848.797277
1734,7571.755941
1735,7549.289022
1736,7570.793394
1737,7622.849890
1738,7694.513868
1739,7773.583021
1740,7859.773695
1741,7859.773695
1742,7855.146887
1743,7854.850592
1744,7874.173567
1745,7852.669195
1746,7781.005217
1747,7694.814543
1748,7615.745390
1749,7563.688894
1750,7568.315702
1751,7590.782621
1752,7724.248098
1753,8001.289434
1754,8559.619795
1755,8559.619795
1756,8540.296820
1757,8540.593115
1758,8562.097486
1759,8557.470678
1760,8424.005201
1761,7865.674841
1762,7588.633505
1763,7566.166586
1764,7585.489561
1765,7637.546057
1766,7709.210035
1767,7788.279188
1768,7874.469862
1769,7874.469862
1770,7852.965490
1771,7852.669195
1772,7857.296003
1773,7837.973028
1774,7766.309050
1775,7680.118376
1776,7601.049223
1777,7548.992727
1778,7570.497099
1779,7592.964018
1780,7726.429495
1781,8003.470831
1782,8561.801191
1783,8561.801191
1784,8557.174383
1785,8557.470678
1786,8576.793653
1787,8555.289282
1788,8421.823805
1789,7863.493444
1790,7586.452108
1791,7563.985189
1792,7568.611998
1793,7620.668493
1794,7692.332472
1795,7771.401625
1796,7857.592299
1797,7857.592299
1798,7838.269323
1799,7837.973028
1800,7859.477400
1801,7854.850592
1802,7783.186613
1803,7696.995939
1804,7617.926786
1805,7565.870291
1806,7585.193266
1807,7607.660185
1808,7741.125662
1809,8018.166998
1810,8576.497358
1811,8576.497358
1812,8554.992987
1813,8555.289282
1814,8559.916090
1815,8540.593115
1816,8407.127638
1817,7848.797277
1818,7571.755941
1819,7549.289022
1820,7570.793394
1821,7622.849890
1822,7694.513868
1823,7773.583021
1824,7859.773695
1825,7859.773695
1826,7855.146887
1827,7854.850592
1828,7874.173567
1829,7852.669195
1830,7781.005217
1831,7694.814543
1832,7615.745390
1833,7563.688894
1834,7568.315702
1835,7590.782621
1836,7724.248098
1837,8001.289434
1838,8559.619795
1839,8559.619795
1840,8540.296820
1841,8540.593115
1842,8562.097486
1843,8557.470678
1844,8424.005201
1845,7865.674841
1846,7588.633505
1847,7566.166586
1848,7585.489561
1849,7637.546057
1850,7709.210035
1851,7788.279188
1852,7874.469862
1853,7874.469862
1854,7852.965490
1855,7852.669195
1856,7857.296003
1857,7837.973028
1858,7766.309050
1859,7680.118376
1860,7601.049223
1861,7548.992727
1862,7570.497099
1863,7592.964018
1864,7726.429495
1865,8003.470831
1866,8561.801191
1867,8561.801191
1868,8557.174383
1869,8557.470678
1870,8576.793653
1871,8555.289282
1872,8421.823805
1873,7863.493444
1874,7586.452108
1875,7563.985189
1876,7568.611998
1877,7620.668493
1878,7692.332472
1879,7771.401625
1880,7857.592299
1881,7857.592299
1882,7838.269323
1883,7837.973028
1884,7859.477400
1885,7854.850592
1886,7783.186613
1887,7696.995939
1888,7617.926786
1889,7565.870291
1890,7585.193266
1891,7607.660185
1892,7741.125662
1893,8018.166998
1894,8576.497358
1895,8576.497358
1896,8554.992987
1897,8555.289282
1898,8559.916090
1899,8540.593115
1900,8407.127638
1901,7848.797277
1902,7571.755941
1903,7549.289022
1904,7570.793394
1905,7622.849890
1906,7694.513868
1907,7773.583021
1908,7859.773695
1909,7859.773695
1910,7855.146887
1911,7854.850592
1912,7874.173567
1913,7852.669195
1914,7781.005217
1915,7694.814543
1916,7615.745390
1917,7563.688894
1918,7568.315702
1919,7590.782621
1920,7724.248098
1921,8001.289434
1922,8559.619795
1923,8559.619795
1924,8540.296820
1925,8540.593115
1926,8562.097486
1927,8557.470678
1928,8424.005201
1929,7865.674841
1930,7588.633505
1931,7566.166586
1932,7585.489561
1933,7637.546057
1934,7709.210035
1935,7788.279188
1936,7874.469862
1937,7874.469862
1938,7852.965490
1939,7852.669195
1940,7857.296003
1941,7837.973028
1942,7766.309050
1943,7680.118376
1944,7601.049223
1945,7548.992727
1946,7570.497099
1947,7592.964018
1948,7726.429495
1949,8003.470831
1950,8561.801191
1951,8561.801191
1952,8557.174383
1953,8557.470678
1954,8576.793653
1955,8555.289282
1956,8421.823805
1957,7863.493444
1958,7586.452108
1959,7563.985189
1960,7568.611998
1961,7620.668493
1962,7692.332472
1963,7771.401625
1964,7857.592299
1965,7857.592299
1966,7838.269323
1967,7837.973028
1968,7859.477400
1969,7854.850592
1970,7783.186613
1971,7696.995939
1972,7617.926786
1973,7565.870291
1974,7585.193266
1975,7607.660185
1976,7741.125662
1977,8018.166998
1978,8576.497358
1979,8576.497358
1980,8554.992987
1981,8555.289282
1982,8559.916090
1983,8540.593115
1984,8407.127638
1985,7848.797277
1986,7571.755941
1987,7549.289022
1988,7570.793394
1989,7622.849890
1990,7694.513868
1991,7773.583021
1992,7859.773695
1993,7859.773695
1994,7855.146887
1995,7854.850592
1996,7874.173567
1997,7852.669195
1998,7781.005217
1999,7694.814543
2000,7615.745390
2001,7563.688894
2002,7568.315702
2003,7590.782621
2004,7724.248098
2005,8001.289434
2006,8559.619795
2007,8559.619795
2008,8540.296820
2009,8540.593115
2010,8562.097486
2011,8557.470678
2012,8424.005201
2013,7865.674841
2014,7588.633505
2015,7566.166586
2016,7585.489561
2017,7637.546057
2018,7709.210035
2019,7788.279188
2020,7874.469862
2021,7874.469862
2022,7852.965490
2023,7852.669195
2024,7857.296003
2025,7837.973028
2026,7766.309050
2027,7680.118376
2028,7601.049223
2029,7548.992727
2030,7570.497099
2031,7592.964018
2032,7726.429495
2033,8003.470831
2034,8561.801191
2035,8561.801191
2036,8557.174383
2037,8557.470678
2038,8576.793653
2039,8555.289282
2040,8421.823805
2041,7863.493444
2042,7586.452108
2043,7563.985189
2044,7568.611998
2045,7620.668493
2046,7692.332472
2047,7771.401625
2048,7857.592299
2049,7857.592299
2050,7838.269323
2051,7837.973028
2052,7859.477400
2053,7854.850592
2054,7783.186613
2055,7696.995939
2056,7617.926786
2057,7565.870291
2058,7585.193266
2059,7607.660185
2060,7741.125662
2061,8018.166998
2062,8576.497358
2063,8576.497358
2064,8554.992987
2065,8555.289282
2066,8559.916090
2067,8540.593115
2068,8407.127638
2069,7848.797277
2070,7571.755941
2071,7549.289022
2072,7570.793394
2073,7622.849890
2074,7694.513868
2075,7773.583021
2076,7859.773695
2077,7859.773695
2078,7855.146887
2079,7854.850592
2080,7874.173567
2081,7852.669195
2082,7781.005217
2083,7694.814543
2084,7615.745390
2085,7563.688894
2086,7568.315702
2087,7590.782621
2088,7724.248098
2089,8001.289434
2090,8559.619795
2091,8559.619795
2092,8540.296820
2093,8540.593115
2094,8562.097486
2095,8557.470678
2096,8424.005201
2097,7865.674841
2098,7588.633505
2099,7566.166586
2100,7585.489561
2101,7637.546057
2102,7709.210035
2103,7788.279188
2104,7874.469862
2105,7874.469862
2106,7852.965490
2107,7852.669195
2108,7857.296003
2109,7837.973028
2110,7766.309050
2111,7680.118376
2112,7601.049223
2113,7548.992727
2114,7570.497099
2115,7592.964018
2116,7726.429495
2117,8003.470831
2118,8561.801191
2119,8561.801191
2120,8557.174383
2121,8557.470678
2122,8576.793653
2123,8555.289282
2124,8421.823805
2125,7863.493444
2126,7586.452108
2127,7563.985189
2128,7568.611998
2129,7620.668493
2130,7692.332472
2131,7771.401625
2132,7857.592299
2133,7857.592299
2134,7838.269323
2135,7837.973028
2136,7859.477400
2137,7854.850592
2138,7783.186613
2139,7696.995939
2140,7617.926786
2141,7565.870291
2142,7585.193266
2143,7607.660185
2144,7741.125662
2145,8018.166998
2146,8576.497358
2147,8576.497358
2148,8554.992987
2149,8555.289282
2150,8559.916090
2151,8540.593115
2152,8407.127638
2153,7848.797277
2154,7571.755941
2155,7549.289022
2156,7570.793394
2157,7622.849890
2158,7694.513868
2159,7773.583021
2160,7859.773695
2161,7859.773695
2162,7855.146887
2163,7854.850592
2164,7874.173567
2165,7852.669195
2166,7781.005217
2167,7694.814543
2168,7615.745390
2169,7563.688894
2170,7568.315702
2171,7590.782621
2172,7724.248098
2173,8001.289434
2174,8559.619795
2175,8559.619795
2176,8540.296820
2177,8540.593115
2178,8562.097486
2179,8557.470678
2180,8424.005201
2181,7865.674841
2182,7588.633505
2183,7566.166586
2184,7585.489561
2185,7637.546057
2186,7709.210035
2187,7788.279188
2188,7874.469862
2189,7874.469862
2190,7852.965490
2191,7852.669195
2192,7857.296003
2193,7837.973028
2194,7766.309050
2195,7680.118376
2196,7601.049223
2197,7548.992727
2198,7570.497099
2199,7592.964018
2200,7726.429495
2201,8003.470831
2202,8561.801191
2203,8561.801191
2204,8557.174383
2205,8557.470678
2206,8576.793653
2207,8555.289282
2208,8421.823805
2209,7863.493444
2210,7586.452108
2211,7563.985189
2212,7568.611998
2213,7620.668493
2214,7692.332472
2215,7771.401625
2216,7857.592299
2217,7857.592299
2218,7838.269323
2219,7837.973028
2220,7859.477400
2221,7854.850592
2222,7783.186613
2223,7696.995939
2224,7617.926786
2225,7565.870291
2226,7585.193266
2227,7607.660185
2228,7741.125662
2229,8018.166998
2230,8576.497358
2231,8576.497358
2232,8554.992987
2233,8555.289282
2234,8559.916090
2235,8540.593115
2236,8407.127638
2237,7848.797277
2238,7571.755941
2239,7549.289022
2240,7570.793394
2241,7622.849890
2242,7694.513868
2243,7773.583021
2244,7859.773695
2245,7859.773695
2246,7855.146887
2247,7854.850592
2248,7874.173567
2249,7852.669195
2250,7781.005217
2251,7694.814543
2252,7615.745390
2253,7563.688894
2254,7568.315702
2255,7590.782621
2256,7724.248098
2257,8001.289434
2258,8559.619795
2259,8559.619795
2260,8540.296820
2261,8540.593115
2262,8562.097486
2263,8557.470678
2264,8424.005201
2265,7865.674841
2266,7588.633505
2267,7566.166586
2268,7585.489561
2269,7637.546057
2270,7709.210035
2271,7788.279188
2272,7874.469862
2273,7874.469862
2274,7852.965490
2275,7852.669195
2276,7857.296003
2277,7837.973028
2278,7766.309050
2279,7680.118376
2280,7601.049223
2281,7548.992727
2282,7570.497099
2283,7592.964018
2284,7726.429495
2285,8003.470831
2286,8561.801191
2287,8561.801191
2288,8557.174383
2289,8557.470678
2290,8576.793653
2291,8555.289282
2292,8421.823805
2293,7863.493444
2294,7586.452108
2295,7563.985189
2296,7568.611998
2297,7620.668493
2298,7692.332472
2299,7771.401625
2300,7857.592299
2301,7857.592299
2302,7838.269323
2303,7837.973028
2304,7859.477400
2305,7854.850592
2306,7783.186613
2307,7696.995939
2308,7617.926786
2309,7565.870291
2310,7585.193266
2311,7607.660185
2312,7741.125662
2313,8018.166998
2314,8576.497358
2315,8576.497358
2316,8554.992987
2317,8555.289282
2318,8559.916090
2319,8540.593115
2320,8407.127638
2321,7848.797277
2322,7571.755941
2323,7549.289022
2324,7570.793394
2325,7622.849890
2326,7694.513868
2327,7773.583021
2328,7859.773695
2329,7859.773695
2330,7855.146887
2331,7854.850592
2332,7874.173567
2333,7852.669195
2334,7781.005217
2335,7694.814543
2336,7615.745390
2337,7563.688894
2338,7568.315702
2339,7590.782621
2340,7724.248098
2341,8001.289434
2342,8559.619795
2343,8559.619795
2344,8540.296820
2345,8540.593115
2346,8562.097486
2347,8557.470678
2348,8424.005201
2349,7865.674841
2350,7588.633505
2351,7566.166586
2352,7585.489561
2353,7637.546057
2354,7709.210035
2355,7788.279188
2356,7874.469862
2357,7874.469862
2358,7852.965490
2359,7852.669195
2360,7857.296003
2361,7837.973028
2362,7766.309050
2363,7680.118376
2364,7601.049223
2365,7548.992727
2366,7570.497099
2367,7592.964018
2368,7726.429495
2369,8003.470831
2370,8561.801191
2371,8561.801191
2372,8557.174383
2373,8557.470678
2374,8576.793653
2375,8555.289282
2376,8421.823805
2377,7863.493444
2378,7586.452108
2379,7563.985189
2380,7568.611998
2381,7620.668493
2382,7692.332472
2383,7771.401625
2384,7857.592299
2385,7857.592299
2386,7838.269323
2387,7837.973028
2388,7859.477400
2389,7854.850592
2390,7783.186613
2391,7696.995939
2392,7617.926786
2393,7565.870291
2394,7585.193266
2395,7607.660185
2396,7741.125662
2397,8018.166998
2398,8576.497358
2399,8576.497358
2400,8554.992987
2401,8555.289282
2402,8559.916090
2403,8540.593115
2404,8407.127638
2405,7848.797277
2406,7571.755941
2407,7549.289022
2408,7570.793394
2409,7622.849890
2410,7694.513868
2411,7773.583021
2412,7859.773695
2413,7859.773695
2414,7855.146887
2415,7854.850592
2416,7874.173567
2417,7852.669195
2418,7781.005217
2419,7694.814543
2420,7615.745390
2421,7563.688894
2422,7568.315702
2423,7590.782621
2424,7724.248098
2425,8001.289434
2426,8559.619795
2427,8559.619795
2428,8540.296820
2429,8540.593115
2430,8562.097486
2431,8557.470678
2432,8424.005201
2433,7865.674841
2434,7588.633505
2435,7566.166586
2436,7585.489561
2437,7637.546057
2438,7709.210035
2439,7788.279188
2440,7874.469862
2441,7874.469862
2442,7852.965490
2443,7852.669195
2444,7857.296003
2445,7837.973028
2446,7766.309050
2447,7680.118376
2448,7601.049223
2449,7548.992727
2450,7570.497099
2451,7592.964018
2452,7726.429495
2453,8003.470831
2454,8561.801191
2455,8561.801191
2456,8557.174383
2457,8557.470678
2458,8576.793653
2459,8555.289282
2460,8421.823805
2461,7863.493444
2462,7586.452108
2463,7563.985189
2464,7568.611998
2465,7620.668493
2466,7692.332472
2467,7771.401625
2468,7857.592299
2469,7857.592299
2470,7838.269323
2471,7837.973028
2472,7859.477400
2473,7854.850592
2474,7783.186613
2475,7696.995939
2476,7617.926786
2477,7565.870291
2478,7585.193266
2479,7607.660185
2480,7741.125662
2481,8018.166998
2482,8576.497358
2483,8576.497358
2484,8554.992987
2485,8555.289282
2486,8559.916090
2487,8540.593115
2488,8407.127638
2489,7848.797277
2490,7571.755941
2491,7549.289022
2492,7570.793394
2493,7622.849890
2494,7694.513868
2495,7773.583021
2496,7859.773695
2497,7859.773695
2498,7855.146887
2499,7854.850592
2500,7874.173567
2501,7852.669195
2502,7781.005217
2503,7694.814543
2504,7615.745390
2505,7563.688894
2506,7568.315702
2507,7590.782621
2508,7724.248098
2509,8001.289434
2510,8559.619795
2511,8559.619795
2512,8540.296820
2513,8540.593115
2514,8562.097486
2515,8557.470678
2516,8424.005201
2517,7865.674841
2518,7588.633505
2519,7566.166586
2520,7585.489561
2521,7637.546057
2522,7709.210035
2523,7788.279188
2524,7874.469862
2525,7874.469862
2526,7852.965490
2527,7852.669195
2528,7857.296003
2529,7837.973028
2530,7766.309050
2531,7680.118376
2532,7601.049223
2533,7548.992727
2534,7570.497099
2535,7592.964018
2536,7726.429495
2537,8003.470831
2538,8561.801191
2539,8561.801191
2540,8557.174383
2541,8557.470678
2542,8576.793653
2543,8555.289282
2544,8421.823805
2545,7863.493444
2546,7586.452108
2547,7563.985189
2548,7568.611998
2549,7620.668493
2550,7692.332472
2551,7771.401625
2552,7857.592299
2553,7857.592299
2554,7838.269323
2555,7837.973028
2556,7859.477400
2557,7854.850592
2558,7783.186613
2559,7696.995939
2560,7617.926786
2561,7565.870291
2562,7585.193266
2563,7607.660185
2564,7741.125662
2565,8018.166998
2566,8576.497358
2567,8576.497358
2568,8554.992987
2569,8555.289282
2570,8559.916090
2571,8540.593115
2572,8407.127638
2573,7848.797277
2574,7571.755941
2575,7549.289022
2576,7570.793394
2577,7622.849890
2578,7694.513868
2579,7773.583021
2580,7859.773695
2581,7859.773695
2582,7855.146887
2583,7854.850592
2584,7874.173567
2585,7852.669195
2586,7781.005217
2587,7694.814543
2588,7615.745390
2589,7563.688894
2590,7568.315702
2591,7590.782621
2592,7724.248098
2593,8001.289434
2594,8559.619795
2595,8559.619795
2596,8540.296820
2597,8540.593115
2598,8562.097486
2599,8557.470678
2600,8424.005201
2601,7865.674841
2602,7588.633505
2603,7566.166586
2604,7585.489561
2605,7637.546057
2606,7709.210035
2607,7788.279188
2608,7874.469862
2609,7874.469862
2610,7852.965490
2611,7852.669195
2612,7857.296003
2613,7837.973028
2614,7766.309050
2615,7680.118376
2616,7601.049223
2617,7548.992727
2618,7570.497099
2619,7592.964018
2620,7726.429495
2621,8003.470831
2622,8561.801191
2623,8561.801191
2624,8557.174383
2625,8557.470678
2626,8576.793653
2627,8555.289282
2628,8421.823805
2629,7863.493444
2630,7586.452108
2631,7563.985189
2632,7568.611998
2633,7620.668493
2634,7692.332472
2635,7771.401625
2636,7857.592299
2637,7857.592299
2638,7838.269323
2639,7837.973028
2640,7859.477400
2641,7854.850592
2642,7783.186613
2643,7696.995939
2644,7617.926786
2645,7565.870291
2646,7585.193266
2647,7607.660185
2648,7741.125662
2649,8018.166998
2650,8576.497358
2651,8576.497358
2652,8554.992987
2653,8555.289282
2654,8559.916090
2655,8540.593115
2656,8407.127638
2657,7848.797277
2658,7571.755941
2659,7549.289022
2660,7570.793394
2661,7622.849890
2662,7694.513868
2663,7773.583021
2664,7859.773695
2665,7859.773695
2666,7855.146887
2667,7854.850592
2668,7874.173567
2669,7852.669195
2670,7781.005217
2671,7694.814543
2672,7615.745390
2673,7563.688894
2674,7568.315702
2675,7590.782621
2676,7724.248098
2677,8001.289434
2678,8559.619795
2679,8559.619795
2680,8540.296820
2681,8540.593115
2682,8562.097486
2683,8557.470678
2684,8424.005201
2685,7865.674841
2686,7588.633505
2687,7566.166586
2688,7585.489561
2689,7637.546057
2690,7709.210035
2691,7788.279188
2692,7874.469862
2693,7874.469862
2694,7852.965490
2695,7852.669195
2696,7857.296003
2697,7837.973028
2698,7766.309050
2699,7680.118376
2700,7601.049223
2701,7548.992727
2702,7570.497099
2703,7592.964018
